x_1,x_2,x_3,x_4,x_5,x_6,x_7,y
15.310142108453965,,8.436759006645666,3.723420581049509,Dec,,1.3197334707443842,21.408846173307165
11.84175029896164,1.5585343409143302,-4.7766432016814875,4.304625417979785,Dec,MB,7.129584578833091,0.27307180990453395
4.343978084317914,,,4.540588093674706,,MM,,19.01081058453836
,2.4286723718104906,9.003936483107285,4.456991767090268,,MA,,13.56404037954448
14.892188057327173,,8.468824374234458,1.070599613921383,,B,3.3692608080484385,25.49316340856238
-0.2475855198410386,,,4.4227646837220105,,MB,,13.053499500152487
4.35656342764943,1.3900320763462457,8.285605625210348,4.180955873600079,App,MB,,11.378272828215144
1.7127079267607002,-0.7306935418029921,-6.960014900204171,2.5659277171125887,Dec,B,1.084769228131518,-6.346627798117169
9.52957218371637,3.1981025669845264,-1.812194504505813,2.571779903331829,,MM,,6.325993611412004
-3.908344011169376,,11.626450167041781,4.517305524167056,Dec,MM,0.8126249618814779,8.137528829254371
13.516164787575152,2.4325663005093046,-8.458139743309662,2.0470606846279944,Dec,A,-0.06861401225564934,1.8322072621631385
-3.938106261623019,,,4.482810782079141,Dec,MA,,-7.492525987142978
12.13467165453475,6.614345856246957,-8.099528931454683,3.7617581292835727,,MB,,-2.219311991037905
0.3363937525370728,,2.3541818055949673,1.2081108646178351,Dec,MM,3.9619735777671456,6.184526608556583
3.901076502550314,0.9683556642605126,3.115597097973181,1.7407340563303215,App,,,9.410504632032413
11.546105245824235,-0.9385999178785067,13.871144447374022,3.76012544340509,Dec,B,,25.274553592041425
-3.968179770777773,,4.5715552549480964,3.0314992722596714,App,,,2.970544061148397
1.2200306415950255,,2.7030831543354097,3.9488506097803637,Dec,B,5.393162371673947,2.463499261695976
11.465082043109478,2.553170331307041,13.00592851491383,4.724232909527644,,B,,21.298552644105317
14.730704885587459,,-1.5674789661914543,4.117724160714538,Dec,MB,,7.163845608710496
12.143954739543164,,4.422228215971783,4.3939765543609415,,MA,-0.8782171953087792,11.946018234959908
13.612392173981435,,12.435359995364053,4.454018535020193,,A,,23.11012653513974
4.553262660404513,,9.737819559411605,4.396785415736417,App,,-3.044439833204271,12.743789772262517
-5.743656073143528,,2.419523900526565,4.333694520643158,App,B,,-4.4572225561659575
-3.5839015432533063,0.09650676429405813,,4.23491754903893,App,MM,,
5.106931303219218,,,3.389804948560614,Dec,MB,,-6.725098793148042
0.1560363629652448,,11.841408922265124,4.001682076939508,,MB,,13.110156047455396
-5.263615282932289,1.9125108452088568,1.124293927726434,1.7512477244145201,App,MA,,-0.32691873486822454
15.184069954814403,,-4.707939165267604,4.316585149751931,Dec,MM,,2.947718069627839
-4.0707179679694825,-1.59217878812974,13.152197370391665,4.196887738174623,App,B,2.3464396150688867,10.910964447038829
8.405139743491127,,16.592868961789254,3.55755926060607,,,,26.78202059908853
,0.6601562488227534,14.0740987887886,3.018044082542425,,,,28.960702448508243
-4.6881201030547786,-1.4948519159925142,15.336980539080113,3.0115974785217023,,,,16.142922764920907
2.0180974749933984,-0.9584302129659068,4.467125751312217,,App,MA,,5.056510770980639
-7.214964496903154,,,,Dec,,,-9.117469553958722
,-2.3452823465705226,,4.230875970782517,,B,,17.92136929507803
-3.397517105505806,,,3.2760995112129523,App,,,8.51113643134277
14.109845789597882,3.8265124809632916,0.47069656442202046,1.2872362476980572,Dec,MA,-4.166896330648063,14.528329386006329
2.2553000691601337,0.6753914293125511,-6.086495999580343,2.6127446791103788,Dec,,,-4.892893304513262
,1.9078194526196879,-7.277168383533952,1.4014764288940094,Dec,A,0.7092551611021001,5.096502384875949
-2.1022576001686772,,11.26030927104107,3.6448728805242676,Dec,MM,,11.536640501253437
0.41843169818004444,,,4.2814995481809985,Dec,MB,,-5.433343987304466
11.488007932728502,3.920180983682741,1.6502382586516209,3.997299862896387,Dec,MB,,9.048886839576443
1.3565482088137113,-1.2118649834493735,14.836453382732884,0.9697439821533748,,,-1.785685754938811,23.043642520488522
6.1330445163787495,1.3228323864737959,11.802538723881629,3.383830737791099,Dec,,,19.319302170484498
-3.0240454794049656,,13.128995932875462,1.8815106618103934,,MM,,16.54038537270684
10.197599616400113,,-2.088700502739636,4.338053154359691,,MM,-0.8516720609514161,2.303267760829819
-5.701629776642513,,4.3889178129053725,4.490295301441106,App,B,,
-0.3870878320814386,,-4.79775600834137,3.0482825669185423,,MB,,-6.174293194228243
2.2894014957346958,4.798827568270492,13.535543572379616,3.0265017455557475,,B,,19.295352348320478
15.078315525622108,4.012355127108062,7.265942705844163,2.61233935643609,Dec,B,,22.157125325934796
8.148390424084795,,,3.102210915236828,App,B,,25.284122279812475
0.6962333242968102,,2.606078907017281,4.697866437738875,,MB,0.29951281402075314,-0.29712644094702734
10.584392035336878,,,,App,MM,,30.44576258562353
0.2806849013555093,0.50319039351494,7.400069612205538,4.700727122929769,,,,5.466556753774004
-0.644705567287363,-0.11450600944809786,3.791719913643268,3.3739023520598717,Dec,MM,,3.832431315024751
-5.4300765833549285,,-7.517204572755349,4.263311301385561,App,MB,2.867475184938305,-16.64485712363889
-4.858809605435974,,4.1011458184589795,4.308889437657285,Dec,,1.4499835131422536,-1.5498141889934414
1.8201280285485044,,,4.061288441816772,App,B,-0.6083624530954632,-0.7000192663017146
3.156462110167805,2.096201880319012,6.675809755897127,2.9164442691930534,Dec,MA,,11.473472504887459
4.665968820531544,,7.181092499919858,2.6664617804789814,App,MA,,13.780519309573783
13.684949826934316,,1.3799963719058859,1.5743819815814675,Dec,,,15.069299787378371
12.03450397900644,,-7.405069988178311,2.0874871709604443,App,MB,,1.9518453805740152
9.592708057701914,,1.903063451820202,3.663285354359792,,MB,,8.762840781414113
5.60502577139985,,-3.3891269809770366,3.9376778023632015,Dec,MA,1.5105158264713596,
-2.314067391610525,,-3.5290337946297674,3.1083992773815705,Dec,MA,,-6.199503787912631
3.0178446959521548,,-6.500117125207762,4.395100768984216,Dec,MA,5.118995326161401,-9.114139627174161
1.1980712334276404,,14.429945449366532,3.8379333316851403,Dec,A,,17.662271535933158
-1.225175022814077,0.9309466620452903,,1.385268154059186,Dec,,,22.85743014942524
10.415483361168791,-1.2136209200731531,8.983921715807632,4.543018380507263,Dec,MA,,15.935326686621831
10.482238145566471,1.838845297130537,14.070859695734235,4.192166459880702,,,-0.2984968647399624,23.512860701735466
-2.0351043155182023,3.2654500084219613,-3.103238805659471,3.3819716277813243,,,,-6.049228253204253
9.504483563270492,2.008643295498646,,3.653599924741189,,,-0.873023304845761,-1.9967125486746995
5.70856089639889,,3.459549994700227,4.608788893268119,App,MB,,5.006752259934908
2.148197150686677,-0.640539133669535,,1.6311833155129725,,MB,-0.8139838842533287,12.505891649907678
8.214036231661595,,14.572506541309597,3.2771485492603367,App,,,24.72049561961967
14.558949724417873,1.8491714804296968,4.295281137002972,4.524703583221731,Dec,MB,0.34162974414409775,13.278770889025468
,0.9742317044616189,-7.738806764573697,2.1323123726065902,,MM,,-0.2732168914210584
2.2232990100592414,-0.5226979782180059,-5.038833612994198,3.8041742154816514,,MM,-2.559388449060408,-6.213094446480806
4.0072899067933,-0.06411871063081964,7.014867790214566,4.320429504320952,Dec,,,9.07997531348083
,0.7679854599485958,7.1132419225701575,2.144999620111884,Dec,,,7.412990041052591
4.082992611336813,,-7.829937365139251,1.3806585153760953,,B,6.222163472839627,-3.985519171204069
10.929111665261312,4.226724688991581,13.381808814677296,3.036602252351216,App,MA,,25.858202615652875
-4.372558310164156,1.5030353408858397,-5.2147378609430115,1.2797400831453367,Dec,B,-0.7180667180089326,-7.201105776441052
2.9998166154701185,,-2.61667443150591,4.6556799748001545,,MB,6.608043401189455,-4.998376198509369
-5.11677503251464,1.382051045175351,0.5894028225411034,4.465964796748097,,MA,6.962832772328129,-6.6937113607803145
6.6903073120160865,,8.297786948511664,2.062616676800393,App,MA,3.0187355742480264,17.771248966698447
,,,4.023744168148777,Dec,MM,,-1.3551398174340634
2.541072123400429,2.2030478076312834,,4.073136935700112,,,,-4.677290412447597
-6.067389378676346,2.5311220405420745,-8.234055219229024,4.759913474180953,Dec,MB,,-19.597191694741383
8.499244373796559,,16.141761471369986,4.18196227917997,Dec,B,,24.62083834309614
1.2884620543491891,0.42370584886994045,-2.8902394066090764,3.898625328730021,,B,,-4.46324936059362
10.051265747456897,-1.5368569618858732,4.469725370847598,3.6645375776514193,App,MA,,12.384865245538133
-1.1476564817921533,2.844118107107324,6.16344901606614,4.261197148494599,Dec,B,,4.126478750846715
-5.905704176856936,-0.22493401582367567,,1.9073740290169823,Dec,,1.8235625353204188,-6.349333358341003
-5.122181253055593,-0.4375839642361885,14.751568118209345,2.413746790569344,App,MM,,16.1724617326856
11.416000237334915,-1.5670775737638543,-0.8428344744833307,1.1948435536943105,,,,10.822227804765808
8.331299785429765,,-6.291082138846971,1.7866074254075783,App,,,0.8638854088329322
6.973379247577377,-0.4238669677679259,-1.959115788503988,2.2241798562485378,Dec,,-0.6529898709213016,4.706290657703478
5.823839202390406,3.5529146905811455,,4.7206824872918425,Dec,,,-10.007970550170658
2.6704293973006568,2.043980818288114,8.538065148255967,2.795720270184769,,,4.9262129189913395,13.698319590651895
11.267946598139593,0.33094639225354805,-6.8583462669091135,1.6996180179910991,Dec,,2.6863706940298617,2.550798088744956
1.6892865934058463,,7.987521570746907,,Dec,A,2.714770264658573,8.320103752976664
-2.039260583367332,-0.6793206997236767,16.0535672857647,3.3783970579935754,Dec,B,,18.32745002992618
-4.683070172917909,-0.4309951859450003,3.547979234765201,2.9347784095788105,Dec,,,1.305721521765991
-4.290747852960985,,0.8620512735413062,2.4995900785605145,Dec,MB,,-0.9905935307595013
-7.039066436809737,4.008521157044235,5.972309474664071,4.263779592349245,,,,-0.7471838440952214
-5.264068391074798,-1.809370250411275,15.804358235147994,4.53773313405831,App,,,12.325335441434222
15.522155122920173,,13.76494629538604,4.680544958009951,Dec,MB,,25.588960479597972
7.498342184393627,0.11179290844731882,-8.484214809762282,4.5384897666647595,Dec,,,-8.562862472270908
8.533231615845638,-0.3439638568755319,,1.338654632322112,,A,3.7711837216170516,2.791982437776217
,,11.52866264752516,4.114861182605909,,,,11.64737167464499
0.6680039783896312,,,1.8439954679965014,,B,,3.4797679430199415
14.382143111701778,1.7476258965530642,-7.787173295874336,4.707410829099766,Dec,,1.737053864945455,-2.811283281514483
6.395027624912034,,-1.216604517197112,1.8801308999975332,Dec,MB,,5.682480739231208
-1.5458565722763709,,12.66072017226129,2.930058856220226,,B,4.864013640383739,15.370365468698937
5.007487396916268,,9.746341297813856,3.9361936339409698,App,MB,0.5206351431094169,14.430339089603846
4.754627792354778,,14.472968598620547,3.2672440263460047,,MB,,21.901582689832793
-1.716612585412192,2.0992248125864252,0.5099585817792835,4.4260360197458475,,,2.123835564094804,-4.0046706699794825
12.497102221257004,3.9733263577241846,8.316031966956714,3.5539967915361195,,B,-0.2597658223618249,19.471705681303295
-0.07663262462386111,1.2961443308370586,-2.3981433720147525,2.781931345387969,App,B,,-2.344074206150411
-2.751109089656981,,-2.5758633992448505,4.204329192725177,Dec,A,,-8.084564109854103
2.3625852138047048,,-2.642847275704499,4.360142032173402,,,,-4.61581924266107
-0.22156829364718167,-2.267097543041423,-2.8149751987792255,2.9953611239289355,Dec,,-4.014339124560751,-3.411943410516772
-3.711209443055228,,9.631167334823722,3.421729454271369,App,,,8.743511200404845
-3.5468301291846,,9.81015129729602,3.1778816818462436,Dec,B,,9.653374328062998
6.474922914641345,2.0623184041716858,15.224872891532897,4.366338692718927,App,MM,,21.324134075819735
11.344282907196659,,15.345879086515748,2.445838548155359,App,MA,,29.796000555426865
12.839983281791794,0.32252156230719065,-0.12067497446347097,4.584907135090875,Dec,B,,6.123344331146981
2.021535497916389,,-7.103444905741368,2.066573134039449,,MB,,-5.491624180175725
-3.9364211342966846,0.6434125992005544,,3.746188293411939,Dec,MB,,7.1864774961689655
5.247603459071696,4.947883009990376,,4.7130040709176075,,MB,,13.506397809375503
1.8439371552246762,,-6.112717096677853,3.98261364101172,,MB,,-8.354596220433155
-0.22006985638908194,3.3718898361106175,6.1733581434788025,3.5988042954480246,App,MM,0.7578291374616404,6.6565674391884
4.715371207604635,-1.527962771319302,-1.731491179035598,3.9497076851947144,Dec,,,-0.4378179313931203
-0.27447796789132717,,16.19361860182212,3.4092108929476987,Dec,MM,,19.81853862833752
2.464185006139136,,9.216445386854481,2.8852621252196187,Dec,MB,,14.224677315168812
0.9391937384113618,1.2611554937006697,0.7880421477347479,4.636374996811557,App,MM,1.2279748380599056,-2.222122606455271
-6.152616886825694,,12.052150616129161,3.8079461989739753,App,MB,1.8037530681473215,8.94800518813027
-0.18985031744739445,,8.452854352500019,4.018310211969456,Dec,,,8.481923149115836
10.976413845174557,,-5.00487012903532,1.8797162356212245,,MA,,4.458479966698587
5.969020040599164,2.17786763465116,-1.2478363814360574,2.7153604974095042,App,,5.548014829619081,3.989115994175855
-2.29255944410793,2.4557717574724633,-5.786716956392341,1.8346582423009254,Dec,B,,-6.890687856759218
10.466963242309012,2.8477909964526917,-5.555692924539063,4.276659487040798,Dec,B,,-1.7143390928691429
1.6650320168360135,,,4.399081126221642,,,,18.58046352966193
-3.2903482168879643,1.8911209553877626,7.39101153793635,3.6085069228447066,App,,,5.772437397715125
-1.769681414216656,,3.143924227181575,2.140624746719785,Dec,A,,
6.041489981005064,,0.7190218610838599,2.799078133203118,App,,,6.389568398552385
,-3.2703986064156583,-4.003961404907591,3.7799608712542754,,MB,4.8231209034969,-9.730157062521684
-2.237260403045121,0.6034710055683479,,,App,,,16.908804480579015
8.002272733494042,-1.64119965440218,14.928414443986252,3.4114384108736187,App,MB,,24.698375251886485
,3.473318726938042,4.2351889389087365,4.38830958597413,Dec,B,,-2.5292280590174303
-3.4812489240858624,1.8090061559536057,-2.7443306021011464,4.082031392884016,,,,-8.523483331792907
,,12.02399310447526,4.681863925927837,Dec,B,,7.921577832638368
,0.6969452623577649,-3.536673453241196,3.0076399329779515,App,MM,,8.009978593119179
2.5335889741941706,,,3.20293040037389,,,,-8.074734162292879
1.4864877546103088,,7.056238711576684,1.6422792956514667,App,MB,,12.643647234977376
13.868384256574428,-2.1243111337750795,14.727911316459249,4.778010319057821,,MB,,25.199485024357276
,3.0621097982299768,5.383636727702212,1.8166407722752524,,,,15.949411279517559
1.169643141331747,-0.32197786319221744,10.252000399444846,,App,MB,1.871805946003191,
13.33738908437452,,,0.9108046607594587,,,,31.563079436918652
14.466711245372446,-4.021419784226596,,2.1937548929931725,App,B,2.1536307931641225,26.179489134424323
5.49293381321014,,16.447300003887868,4.335678453777701,Dec,MM,2.3278821858979644,22.200481909265125
-3.8333609251159566,-0.5188175269540973,11.497810608019755,4.706621399916059,,MB,1.467309440732298,7.43247056852266
-6.985634334152968,-0.4399221919453917,11.22406636165297,4.261853554600333,Dec,,,5.981767624442892
-6.042582044258974,1.35547447745043,-7.324181470984961,0.9374052237200058,Dec,MM,-4.561261055272235,-10.934331423730557
11.391874759814188,2.745802947210064,-4.485953911926466,4.462221554426188,App,,,-0.18502937645665662
9.951715186575557,-1.6179305208321424,16.522047622271238,2.9420909940813753,Dec,MM,0.08777783239007975,29.28054643879727
-6.8780825105847105,-1.996168654492971,-7.490458211644514,4.458848031008311,,,,-18.33330182872263
-6.117430027568008,1.0430962515570499,7.196950698884221,,App,B,7.411206796559849,0.3686187115207402
0.8296644695134869,-1.6437453594176399,6.998462771872109,4.566961869009663,App,MB,,5.812527650687889
8.942718504125624,,-1.1496206633635913,3.25359017082144,App,MM,0.8454449478748424,5.343196139125245
0.43644799705256165,,10.93180263390919,3.838963031638918,App,,2.506865128190163,12.611516855707844
-1.6945866252174806,,-3.186961534696027,3.3722043050688373,App,MB,,-5.865865210793217
6.320333384537944,-0.8415349863188974,16.493183088623613,1.12083480905002,Dec,MM,6.7059612583558135,28.937816975101782
-6.8293151322769114,,8.534378970569108,3.9844270622821285,Dec,,,3.4689317966522277
6.757522499830122,,-2.2753162875723296,2.9610949810043676,App,,-3.1794796057537,2.8211930797747984
4.175003145652157,0.5586701522405633,0.5180848256505186,3.3925322659661727,App,MA,,3.4062955177070395
5.6715211594458115,,15.99815433034805,1.7876308109390155,Dec,B,,27.132296769607134
5.406080590865615,,11.559857990819143,4.385074643066071,,MB,,15.76636693115167
-2.7244178474549097,,16.12576077094813,2.780926161747885,Dec,MB,,19.14660411267057
6.423845351306952,-1.1194080175648684,-6.566307961511743,2.563336092468115,App,,-0.17958384290741392,-2.1444001736040224
8.099390349955604,1.4275544967680196,15.699341057744046,3.4780128080487,,,3.388990914824202,25.597712068299437
13.794826655179337,0.9871022167556266,1.7972779449767522,4.478618448826131,Dec,B,3.448827949075878,9.643788919405097
6.606999128228351,-0.1276687009220019,6.378839370986187,3.166764836597472,,MB,,13.279839139846725
15.298460020081103,1.9924480410610466,10.584655878572853,3.6662853027150697,App,B,,24.277400956470963
-2.255687771645799,2.0680488387631977,8.437044076396372,3.9807703178992613,Dec,MA,4.6365913576347495,6.943987069399201
2.75963738929209,,-5.281111187867488,3.484330460055635,Dec,MB,,-5.299160830356325
,,1.8457293239887491,1.2355233098870175,Dec,MM,5.868694862820178,16.70495687722789
0.8149575289842144,,-4.28635757251105,4.279763305169576,Dec,A,,-7.682418391060317
2.5337123270021937,2.963146742253513,14.269334718238373,3.3541531739752575,,,,19.701983608426605
1.0293470101064912,,13.888103967210654,3.712554073677956,Dec,MM,,17.16593842230502
-4.76881147945118,,,4.368468166764335,,MB,,6.359915568981057
-5.757844430313554,,3.899536338872812,2.1926110431551535,Dec,,2.2392979367047854,2.217650912684932
-1.1345071787390486,,7.048445681041626,3.734762627226298,,A,,6.709598325711033
13.515765423518063,,16.090826345929766,4.6123591551941105,App,,,27.19139963933644
-3.101042889390545,,13.9772609806435,4.328927907252803,Dec,B,0.42292410165252126,12.334560871672526
10.860830064399055,,1.456380618834821,3.509621381441744,App,B,5.399137294525913,9.568512740483166
0.6249672508300108,1.6922798373265366,-1.8734238152285352,4.029336600554437,,,,-4.046476993502202
-2.306937576627103,,5.451874241177665,4.4386235570845685,,MA,,1.7809466315388742
-6.576371716644246,,8.344122293866075,2.848565406318954,App,,,6.093193392380501
,,,2.8722763873501327,App,MB,,5.982151334985071
5.190704571734178,,-6.135736370248946,4.237888776826523,Dec,MB,,-6.479030968467281
2.273804153362068,,-2.2975407562134595,4.634943179987619,Dec,MB,,-5.095839675253524
1.468251937424034,,3.0061410071994796,1.684323219133013,App,B,-4.715692332888736,7.428654967079556
,,0.3340184027133528,0.8836732764617842,Dec,,,10.172385583372776
-1.1705972677108125,2.3934608946655906,-2.766733358822745,2.5603101525045155,App,,,-3.264458748829949
10.61598058986406,,-4.301106054763462,3.666558264869026,App,A,0.7797053737107917,1.6644892414037185
4.771997567718676,7.495149223211433,7.055516910243828,3.6873012974229873,Dec,B,,11.474447024109914
-5.895263112612738,,6.530678525951538,1.8004019677935719,,MM,,5.995525461093193
13.24286178389036,,7.471681234681437,3.004409237464379,Dec,B,,20.221654743349436
14.018948270591002,,15.03405340239025,3.6897763237904297,Dec,,9.845281385867848,28.874588255207495
15.09823044382779,,14.335382612550053,,Dec,MA,,32.38980196549945
13.08697067562816,1.7870773792172185,,3.7262320132421993,Dec,,,-0.052351119888398134
14.02845631682702,,16.91359077020791,1.7229791818344697,Dec,MB,,34.93254176632518
6.007383401235625,,4.547564174493749,4.46240675940546,App,MB,,7.0818559789366216
-5.905229599910378,,0.1143886829177756,3.9821473226979616,Dec,MB,,-6.51176881297922
14.248470465909564,-1.596469352564618,1.3072142171194745,,Dec,B,3.3177298254279193,9.155102796996484
7.8653102198992855,-1.6206312157150393,10.933535756184156,4.382385683792352,App,MB,,16.907382363981274
4.805047108110523,,-3.8796944532806092,3.029683517178563,App,MA,,
,,12.163544384822345,2.8146651557075613,Dec,MM,,14.37608094494004
,-0.3790461355584578,11.554613239424363,2.512426582277969,,MM,,14.835437828867883
14.940370347726509,,16.150291926833216,1.7775968125941985,App,,,34.61130865238527
-4.742157731441003,,,3.9818836568488645,App,MM,,-1.688380079589502
-3.326264066443249,,-0.008743826750935213,3.752947535072951,App,MA,-2.183547855202708,-4.035336242640415
-6.351661762663351,1.5312329584570001,-2.889721028230662,4.409443313515956,Dec,,,-11.916483063970395
13.740728136553825,3.077610538910064,14.825120229963392,4.091476171801494,Dec,MB,,27.3160472159309
-3.597919283674626,1.3797364563620547,13.803231254212761,2.5737151631436532,,,,15.887799259377186
8.11388048699383,,9.117796605018341,4.7006257368566216,,MM,0.46372647971502934,13.798829262414435
3.100598864313014,-0.44983728188229977,1.266139942516734,2.8596472910005817,,MA,2.0160459824015398,4.660124669105814
-3.5241973794544883,1.9847764439581503,3.0352759715567394,4.707273211720108,App,MM,,-3.093230149753007
,1.8551649065859697,6.821033851679596,3.3754158033092008,,,,17.648928893166865
,,6.688083841601976,3.628005888875165,Dec,MA,,6.2372932052096015
,0.932413068765671,15.099011182455616,2.6531121847936565,Dec,,,19.19939208952746
5.088240653526066,0.5973152942891503,8.773702796507639,2.5215472477359255,Dec,MB,,16.396443513746455
-6.645112662956422,2.4861255342931803,13.938292546213606,2.912821978698356,App,,0.39955193739145567,13.02900471748029
1.782027760598126,,6.456733775747116,3.650516034663013,App,MB,,8.459249866950712
-6.673147575723947,,11.294117631778349,3.487371182579607,Dec,,,8.379054796581359
2.550300572141184,,0.2553627548498483,2.9219888891978085,Dec,MB,-0.7848291870622635,2.818488841985532
6.045213354128538,,2.2003700277103935,2.6464216745568456,Dec,,-1.95753330973888,8.562830023854701
13.471505127670111,3.7929601518494476,2.6354197481937423,,,,-4.291850208610011,9.746877334484978
,1.453580085484174,,0.8926517388806515,App,MM,,17.43692565495162
9.022605833487633,1.6940036224903783,6.4838971978684015,2.5216748369132853,,,1.2068616774393022,16.5703431979988
-4.703562572984829,3.5922675342011523,12.073287466494207,3.8723408707542064,App,,,9.941952774856713
-3.706205248119109,,-7.074867361967134,0.9366724643634482,Dec,,,-8.783348539186784
11.623661567430576,,,2.163179119974661,,MA,-0.9451132783536993,24.56720052986925
14.165844414001624,1.0940506713483529,7.89576022254149,3.1514837947044305,App,B,,21.174222426890026
2.709005564466075,,1.7187420814312304,2.2796945864418574,App,MB,6.543074626239298,5.953176776589089
8.991146519620743,,-1.200954230767449,2.204256728466084,Dec,,,7.28448401861691
5.794538114624888,,8.485475760312546,,Dec,B,,17.40682939748991
-6.52915256617072,1.2164880559579025,7.149983242870206,1.3295943219692485,Dec,A,-0.447145638557767,6.792544174007901
14.32882606854101,3.898521020945293,1.1381546364385482,4.125094824402605,Dec,,2.305438797547887,10.269767960664316
-2.7872457747617974,,6.803334203920343,4.447161686420074,Dec,MA,3.9522371315159357,3.097327443887543
13.15161830427727,,-3.5646679132133645,3.74648958327032,Dec,,,4.387412079811053
,0.2824287887632093,16.06441476298555,4.772936512906691,App,B,,25.110749638261655
11.245004793744107,,11.134514388979738,4.155865976814421,Dec,MA,,20.479887993237003
1.4904763050839236,1.7232200937312543,6.204776935559149,4.2581667101384975,App,,,6.258044711471944
5.256406273003746,4.5645571539299645,4.326934724016995,2.550180999040826,Dec,MM,,10.821225081278792
-5.630587973536297,,15.074208292514587,2.8726498930227726,,MM,,15.350111983171953
5.9213034659880535,0.8638431406084792,-0.6386037395909678,1.9327424451438384,,MB,,5.977144365258519
2.8033213002128115,2.2291747092350738,-3.5325287153787643,1.8982686470436287,,MA,,
-3.5370325309935677,,,,App,MB,,3.5146585685312504
3.3546678608241365,1.348427195155678,12.79976843788716,3.361242894995808,Dec,MB,5.251660191932967,18.460204429808538
11.872499869714316,0.9969137587738822,16.010253522908588,3.391838267372263,App,MB,-0.0570310802984626,29.157469857231458
,-0.10529103043591626,6.025089698206482,3.3750012564664296,Dec,MA,1.665792032425929,14.984299167199978
2.400384457408773,,-4.610151285914454,1.6910847880247144,,,,-1.5373400417670111
1.6237822029472273,,10.47547391359429,3.4108973971216217,App,MB,,14.029402162739832
14.3947097096269,0.031329363061279425,-2.0073012027705186,1.6759052285043012,Dec,MB,1.4713231387879313,11.203434648687312
-2.055460790550976,,,1.7181503769277302,Dec,MM,,3.8110866985807994
13.301911845903133,-3.5451627936856855,15.48012163803364,1.4377235618531092,App,,,32.84865778411303
13.79907124907041,-0.1498056545352886,10.434330726966511,1.4561540524071963,Dec,MB,,26.801094110852517
,-1.1613667193967838,-8.235309240398408,4.125210512091844,,MB,2.381233068190409,-9.193482616438459
12.190921825531825,-2.2392523785286054,14.58628456329443,3.6804979589159976,App,,5.644917702557967,26.894002486374017
-0.7575187266294625,,10.032462735784563,3.2704603649240815,App,MB,,11.919743196626914
6.036010348775838,3.4563481573371577,5.300561043456463,1.987990215723403,,,,13.548609195081433
6.195497274856175,,-0.4598308468381038,3.9906478472369122,Dec,MM,,2.229709147774664
7.525402369800464,,-1.0879217115171516,4.3819974672015,,MB,,1.347915614771987
2.743154578237684,,0.3833957724263186,1.0633329353150618,App,,,5.678854038480257
12.104890332299894,,-5.314016000935696,1.6103758536780763,Dec,B,1.2240085822742648,5.273798969713001
15.389759717395366,0.6164837927336337,6.730633327531946,1.8304840258539472,,A,,22.914488825555956
1.2832387028974495,1.050265208148155,8.78131645915315,2.541763319743051,App,,,13.385202310917395
14.490496535442594,0.5509901630613203,1.6400773475114594,3.3386007818494394,Dec,,,13.052949840628047
2.124186884024903,,-3.2998035131863688,2.9789961691209887,,MB,,-2.1544558201109223
11.08731968408546,,2.8330460426248987,3.3113840986836376,App,MM,,11.962443376571695
10.173787750944554,-2.251664825273295,8.216877572899918,2.8089294175339,App,B,7.278736873746382,19.152053594658003
4.072672787524022,-1.2874321350865652,3.907651751727192,4.111726000669347,App,MB,-0.9374058322625602,5.7831329846466915
6.3529246736066955,-1.585124406273444,0.273258437481962,1.5839392907375627,App,,,7.897553458574052
,,,2.415402621446626,Dec,,,11.443106165003389
8.413847639686146,,-1.2678012168230275,2.4048719286231566,App,MB,,6.428603341368342
-2.4460542688063596,,11.260206536868562,3.1687491215987897,Dec,B,,12.38185040186894
15.292392276397825,,,2.656604461733538,App,MB,,25.22251275284468
4.455708353179173,1.937833224039545,7.575858931421752,4.098586593835698,Dec,MM,5.395256680917644,10.787537346403635
6.1272530886540935,,0.06965440580458448,4.3039632763297195,App,MB,,1.9564755072564135
11.017220367930163,4.330693535437643,-3.7251662087951676,2.3362196901819083,Dec,MB,-2.0129321514722185,5.457017626165866
13.213875258820591,,2.2154667019878342,4.403296115777157,Dec,MM,,9.949909765349773
7.999143783502223,-3.0043226614576826,3.211008191849432,4.542257277178436,Dec,MB,,6.6972242752073505
0.004067385936249224,,11.978384148203677,3.549306480084913,App,MM,1.1495448139624491,14.339322158273767
-4.089891600825067,,7.393052583475567,3.523861071660862,,MB,,5.3551616332723135
,-0.7205756239820202,,4.272278440093776,Dec,MM,,24.255994452336157
,-2.6137677043834042,-0.6559625749439766,2.9784576523078616,App,MM,1.312802047561759,6.2409858385845425
4.001196124069212,4.637411783972515,3.404765469565625,4.343802508223951,Dec,MM,,4.4127474001358475
-1.282713247142377,,12.725994344378151,2.601346835129763,Dec,,,16.284883260748455
15.256303297161216,0.7547450168746709,-0.08599543377532903,1.9121932452614634,Dec,,,14.032411904536076
11.288878125803196,,0.2773380718206706,4.749256342427587,,B,,4.885260614633518
-0.29282088634625936,,2.3376386802500466,4.103025603231515,Dec,,-0.5013257542242096,0.3847468081800227
11.492868628466555,,-4.1767564837662965,2.165505798255687,App,MB,,5.519893614947945
14.81620810290025,2.146797677284302,6.509676372443565,4.391979459364247,Dec,MB,,16.704626171672416
3.1834041359815313,,9.690137602292772,1.4283010868962938,App,,,17.5519377180833
4.57686433515015,,2.9782414240555877,4.230937837476739,,MB,1.374107101426226,4.654496150721107
0.3101853868005149,0.5671463149171043,12.519999390325964,3.831974065916009,,B,,14.551400651752736
2.3971796887209855,5.124244205998153,7.620325163309115,4.210100086272797,Dec,,0.5026530095396835,8.910324187047472
1.9758287859602728,,-2.754716986675043,2.0923738209969933,Dec,MM,2.3870537222338797,-0.03184370041001339
14.065429982335727,-1.0786331080992582,-1.4679362305265666,2.773962615929382,Dec,,,9.951689974865248
0.4387098043122988,-1.574965021189272,1.1231368377668183,,App,MB,,1.6809336952472589
,,-7.111456898874221,4.158054003095408,Dec,MM,,-5.976153862236995
5.074084267704036,,-5.240839407809666,4.120774568257655,Dec,MB,,-5.095550988699433
10.98834549173509,,16.27181583804872,3.3183414016971486,,MM,,28.965969336430188
12.20703471287978,3.6446397986973995,2.021585660141268,3.5071667978749015,Dec,MB,0.9700134866252446,11.34984883239385
0.7141452422647827,3.2255202160854965,15.130045494824994,4.519735471557333,Dec,MM,,16.21453364375549
-1.439426037710784,,16.567330553543744,3.614526660643798,,MM,,18.88416779433775
9.885769824017286,,,4.558664019655712,Dec,MB,3.3863282310355194,6.510067367320108
2.8095213857549926,1.523066245437486,12.029204036026172,2.942270035615862,,MB,,17.959907628363908
-1.7057472382138865,-2.6441582983476417,,4.056969859522634,Dec,,7.648543842289222,-4.490301534030559
14.54676421039604,-0.1935733154270891,,3.672118147998486,App,MM,,3.1476472631975034
10.481537057198627,2.068647621134326,14.850411137566915,3.234443405454502,,,,26.948918377926443
14.83496679595516,,,2.9597372355417315,,,,
9.07006587231137,-2.0716413672494403,-5.134281740442999,3.169002712124517,Dec,,,0.5605069031515231
-4.213081431480328,,15.639767443194849,1.0704993942419245,Dec,MA,,19.624546810613275
,,-2.8746595569588385,1.6642030297140864,Dec,MM,,-5.9056438193874605
7.302299716420206,,-6.478654714604957,4.144347572734875,App,MB,,-4.988836749125644
11.204477609730871,1.314335980623103,15.87701445574908,4.116448635252113,Dec,,,26.59366260368152
6.435653964605068,5.389881198390198,-4.550854681567742,3.1811875382159602,,MB,,-0.7910371903966884
0.5274193951993453,-2.2819987326894093,7.422172854498331,4.1797110205860335,Dec,,,7.278688780368114
2.496365143162084,-3.216876172564218,10.969509210579961,1.6717704785454437,App,MM,,18.3810250809462
2.7152598087050315,-2.3412285024810116,-6.7820997960493,3.0872941416051196,,,,-6.34670870712193
-2.085501067795623,,-0.29041293003375124,2.7713475122402986,Dec,,-4.991930764585206,-1.2187155159968666
5.308382336041241,-1.0932155598295183,9.743762085984049,2.0245760336089305,Dec,B,,18.579906771284875
-1.5605914965779002,0.762330841234959,-7.694383319815325,4.316300527352175,,MB,1.5060168993830332,-13.990195435766992
14.637952922174362,3.237121372240482,3.160136693687118,,,,,15.772764943977627
,0.2745570582017488,-4.001322335880053,4.241597033560787,,MB,,-2.1062782863905576
9.71872395546602,-0.18693338181122487,,4.672893909085361,App,MB,,15.577996890454134
3.729446620772194,0.09898587586362662,0.5994995576661495,2.996718723140804,App,B,6.973418047333553,4.029534147894235
6.484172792798066,,,1.643700160064876,,MM,-0.07026342819870957,-1.1553097696167556
11.232510167213912,-0.6962304983723444,,2.2124698250517114,App,A,,10.519741410799456
2.2452169655514336,-1.521660163193119,1.4080100389155135,3.1105937172801257,App,MB,0.48402605997126324,
7.959937305690172,,2.543149684101305,2.5978955748616435,,,,10.588858475846799
0.7096658129449036,2.138994286772697,,3.6224884161075965,,A,6.974986969960529,-1.0051613379269306
10.766740353235301,,-0.6380090424551002,4.071862826458885,Dec,B,,5.3649560934709974
,,16.833906600032766,1.2106001630861154,Dec,,7.9648912425753,33.76131581235045
-0.4857688211003639,,12.6440268945824,4.318816609243096,Dec,,6.008952711689046,12.720629046820179
-4.175051425742414,,11.7348042752249,3.780338680091818,Dec,,,10.168055083046454
-0.1864584195957235,,,1.8172464119851874,Dec,,,-7.1567389073967025
14.105091648130818,1.476522347950099,8.030104984305002,1.7987656914395744,App,,-1.009859323155705,23.59920366085972
13.197430018809756,2.8980815893803133,-3.827006435030423,,Dec,MM,,3.6936145364984063
1.240045597806711,3.567000964296806,-3.4395091245359417,1.7772715849745984,App,,0.18643629056826683,-1.06128401712238
5.213642693474782,,1.3041022901795465,3.209014565182812,,,,5.637722930331478
10.730497083735495,,6.139536517699268,4.260319812938499,,MM,,13.419282038740656
2.38112151511781,-0.1990512393633599,16.897484323657928,1.4338633621761467,App,MM,,26.08623927072611
11.232810564901657,,1.5634306411264305,4.298899977563395,,MB,,7.878131451588953
1.1850822703635,,7.823594155338164,1.9803751702105852,App,A,2.7363820801679104,12.962375195880671
8.811281250727825,,,2.6948151573299337,,MM,3.013458963702517,8.302194287328076
-1.5115358386828301,,,3.807931674334756,Dec,MB,,-5.104841810520412
1.8964331034934396,,4.050682618050962,4.746829940097677,Dec,,,2.3235500259893764
,,-0.1342619688203026,4.06280609310376,Dec,MM,,1.781532106673812
13.062945425062585,,4.883246943045327,3.513239320764863,Dec,,,15.647475536322315
2.8872627092176764,,4.457195537556661,2.760530766672478,App,MM,5.223554247555915,8.743917871272973
10.665917553040336,,-6.091275829324976,3.750513247432765,,MB,,-0.787854614405123
-3.863480908842587,1.0437817592022607,14.169147542433972,4.221809234757327,App,B,,12.295245911547243
12.063918545930731,,15.183820729463083,2.374625328037196,Dec,MM,1.0174572304250962,30.27251407202412
-6.6542433304628155,0.6423912712928351,11.225599218557658,2.895986656651986,App,MM,,9.604317500101871
0.7971152069935368,,-5.562819148846328,3.75405352585008,Dec,MB,,-7.868614664759463
-3.873539091224622,,4.843861257940974,3.7337637568560194,,,,1.7581626923122005
-1.8795937525185575,2.2378170750549167,-3.3669177573328284,1.1276751563535528,Dec,MB,,-2.76823917031473
14.60142492969849,0.7671879065809039,12.639438919324054,3.983752889675962,,MB,4.300432987961365,25.509773448151183
14.769050174244532,7.203715888592385,,2.0358451326282463,Dec,MM,,11.771585738737468
-4.909755374869332,,12.641326941943895,4.54450766511495,Dec,,-0.6806254288821438,8.55814645817781
11.320766921896583,-0.8569780767148658,-2.2532775514425207,1.707374260014146,Dec,MB,,8.441813539391907
-6.241295011909539,3.461614305141895,5.218004686593591,3.791025375358436,Dec,B,-0.14904418837550737,0.2280945965786274
-5.687533665425039,0.07613409549596462,14.781768965513802,2.929104503798445,Dec,,,14.820795858879634
-1.6013853254453103,-1.4797240444343414,-4.487690428093582,3.757725258975039,Dec,MB,,-8.39237392807233
-2.6287078746565538,6.688673859453461,,3.3707317824872485,Dec,MB,2.005421032806287,14.962925516897547
2.64890449257471,3.117669660682709,-5.867752671749725,2.1975164800009614,,B,,-3.619189629059736
-6.312556849000693,,4.301587820431424,4.201898138619954,App,,,-2.122551021414076
14.048473973978671,3.534567111399949,-1.8398777140331282,2.994417184901235,Dec,,,9.028080515216532
,,6.476709487529629,3.8884242401158238,Dec,MM,,18.48063730435696
14.390646150894257,0.8907359177067123,5.139972048093796,4.518210759292853,,B,,14.241517873013908
15.44612143955028,,1.3706936441380773,4.029641993469737,Dec,MB,,11.709896917841743
6.269252460353732,,-4.884027610366257,2.328629335714929,Dec,,,0.2691864042020353
10.985809949316304,,11.343382181792531,2.8533864472680093,Dec,,,23.680305943072398
6.9001663374529265,-1.3073898206112793,-0.6132252612657298,4.103614946043049,App,B,-1.4779172786173236,2.273199464380989
-5.058435124469096,,4.7863194544459535,2.82679509019868,Dec,MM,,2.8004703869697676
-5.216737957875026,,,3.5082639825662976,,A,,6.712833508001088
1.737258994534507,,,1.9587693382572018,App,MA,3.809667628153223,12.86821758316771
7.776054167146656,0.4622589157643536,-6.871014267188908,2.5797173310304107,,B,,-1.499949127360225
0.7716916056223031,,16.286406880086258,2.032151459854966,App,,-0.9557378499386258,23.333122818616474
-2.806623100006721,-1.5439563317209617,13.46846379672218,2.9427743966159796,,MA,-1.6220346716152085,15.383013220929733
9.936970867713223,,15.38551942678313,4.558794659366608,App,MM,,23.654713386404353
1.8387512121788099,,5.170844372355733,3.2170966605373246,Dec,A,,7.890969550270498
11.79393561110309,1.1729854662883519,4.007082245673413,3.3938214524493597,,,,13.820545309475172
13.855946568790097,2.2561861624971375,-4.066279761459623,2.8175348770331423,Dec,,-1.1499569048866887,6.397906155144089
3.776665031872449,,-0.7559904251453444,2.9160913303910783,App,MM,,2.5059766063854143
-5.807970172679124,,-2.1444583986031063,2.8903484978205536,,MB,,-6.73003502955391
0.02559108165549695,,-3.2326851835933876,2.0985650183210116,App,MB,,-2.1791721529159997
6.790061477045027,0.6655824140799732,,4.028516730119723,,,,12.662581308472621
8.020500805268789,-0.25878294320919526,10.858253864846539,4.281409651785756,Dec,,,17.234093723082186
8.443846660419274,0.055115160168702104,10.015210445476622,2.2922233426384064,,MA,,20.98847004588763
-2.109146457252116,-2.974413088177428,-4.491665500816073,4.493067412332718,Dec,B,,-10.881348010727859
-6.21835960685037,,3.053965583439423,4.14906714035221,App,B,,-3.4842313747740685
13.545295287806963,3.0246004270340228,16.475742185104735,2.8772844342784136,,,,32.17111162772437
14.812624093942853,2.1278761888573845,15.80750853599562,1.7331456821042217,App,,,34.12861416930584
12.864799362983463,0.1660317764408794,,3.6549662969055476,App,MM,,15.416287357297728
13.058047083260883,,12.541664609381133,4.2508860823407275,App,,,23.418186364503025
2.355001682976754,,5.496280288261227,1.151375476543755,Dec,MM,,11.811954366265708
-3.1157053517979305,,7.784810358917181,3.9378569129024648,,B,,5.556163109193649
15.35250187474177,2.364995796564077,14.13653566408042,1.768694442442523,App,,,32.38361855136815
,2.4461409581628297,8.732430041521468,2.4790710142547736,App,MM,6.038958572576503,8.165465034022438
11.237958996417982,,4.11596305143615,4.317283413286255,Dec,,,11.075103376231665
6.280986571059454,0.9236134359375597,-2.917838693431973,3.6254634660867353,App,MB,,0.12568962511306703
4.068063600208404,,-0.12235202081557972,1.734280568745305,Dec,,2.2466735731508107,5.429869004977705
15.206208292225346,,14.424075041490134,2.619221106722393,,MM,,31.35181086371868
-2.4539110993657065,-0.5604243373788871,16.479941154866477,2.8138649810761245,Dec,,,19.746117271912933
-6.125858941014229,,6.156067513069546,4.0968101927466005,App,B,2.890981800029184,0.683018842866566
8.610840138352795,2.284124004745358,-6.414399099204363,3.893101597317613,App,B,6.500242726283931,-3.186165751846962
-0.18220000340289566,,0.7350445432921973,3.5113570872790953,Dec,MM,,-0.01871606362608569
12.616996567895344,,12.65779257717752,,Dec,MA,,21.833377120701446
12.599866205984723,2.618230007671735,13.41483236128299,3.169307194627745,,MM,-3.618418969645996,26.928155237362578
2.501341531810999,,-7.846848180605598,4.749019965733897,,MM,,-12.345186002973993
-6.929624784897931,2.4328385875482392,6.075584382445587,4.271582600963376,Dec,MB,,-0.5528111423011359
8.674895755112187,,-8.00758654245472,,Dec,MB,4.372865294469101,
4.6915261323527755,2.320387676533273,-3.0570398080859063,2.4434650773559996,,MM,-2.288712456036155,1.1671206279613338
13.523980385513648,,12.610293847750686,3.306381616588729,Dec,MM,,26.32463386141808
,,-1.9349092439842464,4.228271048851226,,MB,,-7.798021501766449
10.971413363188047,4.593291514937874,-1.2743198986529078,2.7562925171851003,App,B,,7.803761281040449
9.79026150168828,,2.850753907153795,,,MA,,8.475316106768641
-3.4166626718013426,,-6.208265514164839,3.0831358426927062,Dec,MM,,-10.419498306077926
13.660496188050908,,-6.612964061876918,1.7971725210628013,App,MB,-0.6676690492658273,4.623127992737809
0.21935114332518602,4.338626980872281,-4.209002499010734,3.3142302742937564,Dec,A,,-5.531033804032752
11.2683047497066,-2.8419527771654796,-1.7399163261661759,2.0518966511494017,Dec,MB,,8.6085674431796
-6.295789069247018,,10.398883623295038,3.1890154827600194,,MB,2.6632117513265925,8.220926113556423
,,-3.844962294821298,3.593833151457524,,MB,,-6.473945992932903
0.9328683916334128,1.944859046197068,5.453786148577983,4.30962235628201,Dec,,3.585609546895612,4.7135334084771845
,2.173529245674377,,4.465623243811127,App,,-1.6285196949423577,-14.280622611037234
10.962513174946517,,13.422901220580663,1.2972038878769092,Dec,MM,,28.52782524288059
12.573801276654299,-0.263626977951005,13.942176598478692,4.756209199346534,,,,23.2554614996319
,1.0780431346190795,2.6408988863021907,1.880755219415854,,,,9.556207875639886
4.979898501899715,,12.49656158200452,4.230525594282518,Dec,MB,,17.081329668849264
2.4273097658939413,-2.163451356911608,0.10763682741901093,2.3569022417000896,,MB,,3.5594062807366313
-2.0231331091203186,,-7.07951615362708,3.2602937820536977,App,,,-10.820715326157679
-5.299744578147383,,-5.2399730969522125,,App,B,,-11.40196352703871
,0.15683600056623626,7.674213408184855,2.2835648461109477,App,MA,,18.960952194830863
-3.9590470956843022,,-0.35671454902278654,3.979560830497039,,MB,,-5.576888528668251
0.8212065178720742,,-2.6212472292982216,3.3257944263348485,,MB,,-3.0651877392263054
-0.2302951454913904,-2.8942755809443543,,4.5481031837578065,App,MB,,14.22346928648495
11.114504840286772,,-2.885692274132115,1.2607744050968694,App,MB,,7.931036549358257
0.3477187484229578,1.537535203497395,,4.012336151358109,,MM,,3.49877166434401
4.390613281490168,-1.0728103043220403,6.953581228403687,2.197864735006326,Dec,,-0.8213964776006821,14.05851533985837
-2.691753114684599,,-3.5857816483515883,3.5250261378378185,Dec,MM,,-7.518027826651711
1.0335791211042267,,14.53051806831732,3.5104407388848213,App,,,18.488353557092257
-6.654360440510587,3.4148062410600826,5.506883065616533,3.9044783399169116,,MB,,-0.028622728577662127
13.661952573957686,,5.655218546400462,4.551880360236483,App,,1.8909072971834426,14.220254560426937
11.670887072492844,,10.087638654779276,3.6643734231799825,App,,,20.803387980809443
-4.953119271773312,2.229317583406478,9.479742918629672,1.7191620504982665,App,MA,1.6534105428699275,10.584951338714305
12.162269279791785,1.0350926950471298,15.966259424144535,2.590735925720143,,,-0.32759951426740397,30.976272638112587
10.8581137964155,1.8219319759328587,-2.7676718503616424,3.1699464104403674,Dec,MM,,4.972355709676625
11.334144585020818,,-4.953550333587821,2.4002779007018016,Dec,MB,,4.038639566014213
1.2767610324015344,0.6582666059632586,14.67689824233122,3.634820925613476,Dec,MM,,18.5599176026597
11.020788397938384,,14.48064246198901,2.804005383134703,App,B,4.52178653776452,27.79506013660325
-0.582807034142097,,14.912119528245654,3.1366665144782178,Dec,B,,18.559484432211395
-7.057121214681741,,,2.981769726137599,App,,3.910417555480724,13.815257339988827
13.839576401549126,0.6102724354922057,0.9760439919883019,,Dec,MB,,10.976152169447356
10.12680223188926,,16.487006601965607,4.104184369990823,,MA,,26.55872084664711
-7.257996024642085,-2.91658800547403,13.128859244186152,2.097977063224861,Dec,,,12.9217769942192
-2.0389546144826607,,-7.610939324020148,4.129607929904941,App,,4.021256407508416,-13.717408242372922
-6.820915961540303,,15.411176184236474,4.687679402083013,Dec,MM,,10.127989543990704
2.8151748875348375,4.050025897358429,14.760166640155202,4.101993384824511,,MM,,18.630631293251522
9.634550238177832,,-2.1823211331612216,4.713573046657725,Dec,,,0.573971821610924
-4.774248033668933,-2.484625491634932,14.320416756603521,0.9038933884180723,App,,,17.618773464989935
13.589228342149317,,-7.296959734340146,3.559926324124347,,MB,2.352065668796457,0.4510566907703333
7.262081768593793,-0.6853581886544109,7.519672202470719,3.85269653108817,App,MB,,13.590232582328817
5.543841449398876,,3.3497013577257544,2.2774614960525574,App,MB,,10.256074791750933
14.706844884248325,5.53786245448627,15.553179353098642,3.4576877090913216,,MB,-2.614655950644384,30.645014460020835
,0.24790444922237065,12.253267448637068,3.098850876856317,App,,,21.90679037405325
-7.170369148926573,1.8562084975842292,-0.10762649100669286,2.625671707741032,App,MA,,-4.705962729660758
0.8771552248163808,0.6734404211589443,4.178248802339764,4.674625200834055,Dec,,,1.9198585838680766
11.48632086768212,,15.6575538508812,3.353161684151589,Dec,,,28.495399494035965
-4.419114926727634,1.6859983729996577,2.549426413001452,1.7494371220584488,App,,,2.1510092052317087
-6.169325254044935,3.2253404238880474,,4.2476294207611645,App,,,-13.653468791092763
-4.369634152476497,2.026726365131241,9.448919815577042,4.084614720790056,,,,6.284631305224954
9.149148423757412,-2.0660775699619185,2.777750532374304,3.7530220182315737,,MA,6.056458433288945,9.298817645455586
7.0295889366636555,,-1.0915620783392042,3.921379229862766,Dec,,,2.2688965117685567
-0.2063906378205118,,9.432693142631322,3.2723226811503467,App,MB,,11.584981337877643
10.823754178401666,0.3941234797124403,-2.968212597496744,4.216618122187903,,MB,,2.0327558154045566
-2.62199161411164,0.8993168551603521,6.064199824004621,3.067450632364159,Dec,,,5.850483409607463
1.4952914593670172,-2.7631426637481544,2.623538361244549,4.470204527245244,,MB,,1.0695446982328272
14.990937269938195,,,4.251096098542609,App,MA,,10.982723828391157
,,6.144753817260224,1.9014971859461283,Dec,,,16.30492815742479
4.193266052181679,,11.813477655234603,4.579937141958045,Dec,,,14.536861578119975
5.513504746180578,,,0.8649895823776361,App,MM,3.7433613657783082,15.791190363844958
7.849852421888379,-1.0085797401123955,7.0936480812532405,3.213531010587735,Dec,MB,-0.17551616206583298,15.061921044155518
-4.808127668532909,-0.38955767696282395,-0.4166931801213831,2.5023603922138187,Dec,MB,,-3.028180524126722
15.540332553497523,-2.9488628886008836,-1.1159013896620413,2.76133655142047,,MB,3.3976984096952942,11.580917900451858
11.12748784593508,,16.493170197966368,4.038045795311773,,MM,,27.53689480475739
-4.530130415221176,,4.90594724032556,4.688886443319971,Dec,,6.770429007133833,-1.4432879602527051
3.085488821525834,3.7078276812193884,-4.4390056829449955,4.279122325951752,,,,-6.093073594624535
4.809659540675602,0.3398646739030954,-0.1308818467628523,2.8084601147112807,Dec,MB,,4.323618194280698
-4.758976023379873,2.7726618971859596,3.22238078498769,4.734315281475693,Dec,MB,,-3.9118711241781035
0.11832401124577796,,-6.053870182146596,3.023214951127871,App,,,-7.3234376832817585
-0.3478325462364955,,14.909334610232722,3.859747270770097,App,MB,,17.001386950977707
-4.570276091783217,-1.2101192526237543,-1.7053833719225064,2.9470038468543156,,,,-5.31390953559335
8.95161696619512,1.808966103779282,3.0295305166192605,2.871525720916947,App,MA,,11.471370447640524
-0.023272607194904538,-2.57392410031341,1.3323208989244222,1.8769581076628747,Dec,MM,,3.8929979381554998
6.34299213817555,,-1.1561106973661799,2.1242202611164536,Dec,,,5.382638926687889
,,-4.339903607148768,2.136335431583371,,MB,,7.5366591294806735
7.689234602302182,5.3930926119216105,-3.7034065388971165,2.6534167424308497,,MB,,2.329241422976041
3.3600581294024625,,5.446873290851643,3.784380609941935,Dec,,,8.070643102979169
-6.7150562967349545,,-8.51750209978315,4.153760956202593,App,,2.6581761433435718,-18.608808985407634
13.822589071988675,-0.7199650976506,-6.553188033082375,4.2614934947253085,App,,,-0.3057380819310809
7.4622103279372,,13.312610399419487,1.2878821894615022,Dec,MM,,25.649145524442236
-5.5713992149146385,-1.755136104071308,15.396628494066064,2.927439011764148,,MB,,15.697513405614654
0.8572250322527104,,,3.74810174668492,Dec,MB,,-5.490680158297945
-1.9536134903250861,,3.7402918628504622,4.488140363592401,,MM,,-0.2712483396061427
-1.320543834092617,1.1920369409644294,16.286789326835954,4.647509089396773,Dec,B,,15.686940381434766
14.052962732916042,4.072405098042884,14.220597255639085,,,A,-2.275962352963912,29.409054456780616
10.844312431091614,,1.653327367371375,4.249279905902453,Dec,MM,,7.83344779653806
12.346405045154926,,1.0418377997600583,3.4060810127390404,Dec,MB,,10.452969734197033
1.496831315318703,3.1153003337786096,9.288657918347166,4.547430636353344,App,MM,,9.310863288805358
,,12.267643038237598,2.867884825746411,App,MA,-1.471283536468964,27.283750559811594
4.694990563948137,0.5627928273710479,0.644288917684861,2.1288512115318308,App,MB,,6.373201049023061
