28.2   11.2   2.0   2.4   0.0
29.1   10.7   2.6   2.6   0.0
26.1   10.4   2.6   2.0   0.0
29.4   11.1   2.1   3.1   0.0
29.8   11.1   2.1   3.3   0.0
30.2   10.2   2.6   3.4   0.0
29.3   10.3   2.6   3.1   0.0
28.6   10.9   2.2   2.8   0.0
29.0   9.8    2.7   3.1   0.0
27.2   11.2   2.0   2.9   0.0
26.0   13.1   1.4   1.9   0.0
27.9   11.5   2.0   2.4   0.0
28.7   12.1   1.7   2.8   0.0
28.9   10.8   2.3   3.1   0.0
28.9   11.8   1.6   3.1   0.0
26.4   12.3   1.6   1.8   0.0
27.2   12.2   1.7   2.4   0.0
27.9   11.5   2.2   2.5   0.3
27.9   9.6    2.4   2.2   0.0
26.1   12.3   1.9   1.6   0.0
23.1   14.6   0.9   1.2   0.0
26.3   9.8    2.8   2.0   0.0
26.4   11.3   2.1   1.9   0.0
23.6   12.5   1.8   1.1   0.0
26.0   12.2   1.9   1.9   0.0
26.6   10.7   2.3   2.3   0.0
27.7   12.8   1.4   2.9   0.0
30.4   11.3   1.7   3.7   0.0
28.3   12.6   1.7   2.4   0.0
28.6   10.9   1.9   3.2   0.0
27.4   11.6   2.1   2.8   0.0
27.5   9.4    2.6   2.7   0.0
28.3   9.6    2.8   2.8   0.0
25.9   10.3   2.3   2.1   0.0
27.1   11.8   1.8   2.3   0.0
27.4   11.7   1.9   2.2   0.0
27.1   11.1   2.1   2.7   0.0
25.2   12.2   1.7   1.8   0.0
26.8   9.7    2.9   1.4   0.0
26.3   10.0   2.6   2.0   0.0
26.2   9.7    2.8   1.9   0.0
24.5   9.3    3.2   1.3   0.0
25.1   11.7   2.6   1.4   0.0
26.2   11.6   2.3   1.9   0.0
26.6   14.2   1.2   1.8   0.3
29.1   11.9   1.7   3.1   0.0
28.7   12.1   1.5   3.3   0.0
29.2   11.7   1.8   1.8   0.0